11

RectRun 11 1
2 65 42 39
47 65 26 39
73 65 29 39
103 65 37 39
142 65 41 39
187 65 33 39
219 65 28 39
246 65 31 39
278 65 36 39
316 65 39 39
356 65 39 39

RectStart 7 -1
3 13 12 52
16 31 28 33
41 16 35 50
79 16 35 50
115 16 35 50
151 16 35 50
186 16 35 50

RectIdle 4 0
224 25 35 42
259 25 35 42
293 25 35 42
259 25 35 42

RectJump 3 -1
3 142 30 46
33 146 22 45
53 143 25 52

RectAir 1 0
78 146 28 48

RectDown 3 -1
105 145 33 50
137 145 28 47
164 149 35 42

RectDash 2 -1
2 329 32 40
33 332 42 36

RectVictory 7 -1
217 251 38 53
255 251 38 53
293 251 38 53
331 251 38 53
369 251 38 53
16 31 28 33
3 13 12 52

RectClimb 3 -1
3 194 29 48
31 194 32 47
62 194 32 47

RectClimbJump 2 -1
93 194 34 47
125 193 32 50

RectDamege 10 -1
475 12 32 40
508 13 36 39
543 12 37 40
576 3 41 52
616 8 37 45
652 3 41 52
691 12 37 41
726 2 41 53
764 9 37 43
803 9 37 43

RGB(50, 96, 166)