15

RectRun 16 2
137 535 33 47
176 535 31 47
214 535 32 47
253 535 40 47
298 535 48 47
352 535 48 47
407 535 39 47
456 535 30 47
142 591 27 47
178 591 35 47
219 591 40 47
263 591 42 47
314 591 42 47
363 591 38 47
411 591 32 47
450 591 27 47

RectStart 17 -1
106 122 6 96
120 122 21 96
145 122 40 96
192 122 60 96
259 122 64 96
331 122 64 96
404 122 64 96
477 122 54 96
103 221 41 60
152 221 34 59
195 221 34 59
240 221 32 59
281 221 21 59
311 221 20 59
339 221 68 59
410 221 67 59
483 221 38 59

RectStartBeam 1 0
106 122 6 80

RectIdle 8 0
212 282 35 46
254 282 35 46
297 282 35 46
340 282 35 46
382 282 35 46
340 282 35 46
297 282 35 46
254 282 35 46

RectJump 5 -1
121 338 25 48
154 337 23 51
186 339 23 53
226 337 23 57
259 340 27 53

RectAir 3 -1
295 341 34 50
335 340 32 52
376 339 29 54

RectDown 3 -1
414 342 31 51
452 345 29 47
487 346 32 43

RectDash 4 -1
117 648 36 44
159 648 46 44
211 648 53 44
269 648 57 44

RectDashBreak 4 -1
332 648 38 44
376 648 30 44
409 648 49 44
460 648 34 44

RectVictory 4 -1
117 1484 35 80
158 1484 33 80
198 1484 34 80
240 1484 38 80

RectVictoryTeleport 5 -1
286 1484 35 80
325 1484 46 80
381 1484 58 80
447 1484 57 80
512 1484 6 80

RectClimb 3 -1
127 1148 34 57
170 1148 34 55
212 1146 32 58

RectClimbJump 3 -1
90 1148 32 51
253 1151 31 53
295 1151 28 54

RectDamege 6 -1
123 1357 32 59
162 1357 34 59
204 1357 34 59
246 1357 34 59
204 1357 34 59
162 1357 34 59

RectDeath 1 0
120 1362 38 55

RGB(29, 112, 189)