6

RectEffectDash1 8 -1
189 1067 33 23
239 1067 40 24
294 1066 39 26
355 1065 39 28
419 1064 32 30
484 1066 16 28
530 1066 13 28
0	0	0	0

RectEffectDash2 8 -1
122 910 54 39 
183 910 54 39 
252 910 54 39
320 910 54 39
383 910 54 39
447 910 54 39
507 910 54 39
566 910 54 39

RectEffectClimb 8 -1
236 976 12 20
263 969 17 29
302 957 17 41
340 959 19 39
372 958 20 39
409 961 20 35
449 963 18 34
488 964 16 33

RectEffectClimbJump 4 -1
283 1026 16 17
312 1022 29 24
356 1020 30 32
409 1018 34 34

RectEffectBoom 18 -1
50 45 64 62
133 46 64 62
215 66 49 38
275 63 54 41
337 62 57 42
402 61 58 43
471 61 60 43
544 62 61 43
618 60 59 44
57 124 54 44
125 126 49 43
187 127 45 43
247 128 43 41
306 129 40 39
362 130 36 38
418 130 33 38
468 134 28 34
516 134 23 34

RectMeteo 1 0
415 439 68 109

RGB(29, 112, 189)